27.0,69.0,24.0,95.0
27.0,70.0,24.0,95.0
27.0,70.0,24.0,95.0
27.0,70.0,24.0,95.0
27.0,69.0,24.0,95.0
27.0,70.0,24.0,95.0
27.0,70.0,24.0,95.0
27.0,68.0,24.0,95.0
27.0,68.0,24.0,95.0
27.0,70.0,24.0,95.0
27.0,70.0,24.0,95.0
27.0,68.0,24.0,95.0
27.0,70.0,24.0,95.0
27.0,68.0,24.0,95.0
27.0,70.0,24.0,95.0
27.0,70.0,24.0,95.0
27.0,68.0,24.0,95.0
27.0,70.0,24.0,95.0
27.0,70.0,24.0,95.0
27.0,70.0,24.0,95.0
27.0,71.0,24.0,95.0
27.0,71.0,24.0,95.0
27.0,71.0,24.0,95.0
27.0,69.0,24.0,95.0
27.0,69.0,12.0,175.0
27.0,71.0,24.0,95.0
27.0,71.0,24.0,95.0
27.0,71.0,24.0,95.0
27.0,71.0,24.0,95.0
27.0,71.0,24.0,95.0
27.0,71.0,24.0,95.0
27.0,69.0,24.0,95.0
27.0,71.0,12.0,175.0
27.0,71.0,24.0,95.0
27.0,71.0,24.0,95.0
27.0,72.0,24.0,95.0
27.0,72.0,24.0,95.0
27.0,71.0,24.0,95.0
27.0,72.0,12.0,175.0
27.0,70.0,24.0,95.0
27.0,75.0,24.0,95.0
27.0,73.0,24.0,95.0
27.0,74.0,24.0,95.0
27.0,73.0,24.0,95.0
27.0,71.0,25.0,95.0
27.0,73.0,25.0,95.0
27.0,75.0,25.0,95.0
13.0,166.0,25.0,95.0
27.0,78.0,25.0,95.0
27.0,79.0,25.0,95.0
27.0,79.0,25.0,95.0
27.0,80.0,25.0,95.0
27.0,81.0,25.0,95.0
27.0,79.0,25.0,95.0
27.0,81.0,25.0,95.0
27.0,81.0,25.0,95.0
27.0,79.0,25.0,95.0
27.0,79.0,25.0,95.0
27.0,81.0,25.0,95.0
27.0,79.0,25.0,95.0
27.0,81.0,25.0,95.0
27.0,80.0,25.0,95.0
27.0,78.0,25.0,95.0
27.0,81.0,25.0,95.0
27.0,80.0,25.0,95.0
27.0,78.0,25.0,95.0
27.0,80.0,25.0,95.0
27.0,80.0,25.0,95.0
13.0,168.0,25.0,95.0
27.0,80.0,25.0,95.0
26.0,80.0,25.0,95.0
27.0,80.0,25.0,95.0
27.0,80.0,25.0,95.0
27.0,80.0,25.0,95.0
26.0,80.0,25.0,95.0
26.0,80.0,25.0,95.0
26.0,80.0,25.0,95.0
13.0,168.0,25.0,95.0
26.0,80.0,25.0,95.0
26.0,80.0,25.0,95.0
26.0,80.0,25.0,95.0
26.0,78.0,25.0,95.0
26.0,81.0,25.0,95.0
26.0,79.0,25.0,95.0
26.0,82.0,25.0,95.0
26.0,82.0,25.0,95.0
26.0,83.0,25.0,95.0
27.0,81.0,25.0,95.0
27.0,84.0,25.0,95.0
13.0,170.0,25.0,95.0
27.0,84.0,25.0,95.0
26.0,85.0,25.0,95.0
27.0,85.0,25.0,95.0
26.0,85.0,25.0,95.0
13.0,171.0,25.0,95.0
27.0,86.0,25.0,95.0
26.0,86.0,25.0,95.0
27.0,86.0,25.0,95.0
13.0,171.0,25.0,95.0
27.0,87.0,25.0,95.0
27.0,87.0,25.0,95.0
27.0,87.0,25.0,95.0
27.0,86.0,25.0,95.0
26.0,85.0,25.0,95.0
26.0,82.0,25.0,95.0
27.0,83.0,25.0,95.0
27.0,84.0,25.0,95.0
27.0,81.0,25.0,95.0
27.0,81.0,25.0,95.0
26.0,83.0,25.0,95.0
26.0,83.0,25.0,95.0
13.0,169.0,25.0,95.0
26.0,82.0,25.0,95.0
26.0,82.0,25.0,95.0
26.0,82.0,25.0,95.0
26.0,82.0,25.0,95.0
26.0,82.0,25.0,95.0
26.0,81.0,25.0,95.0
26.0,81.0,25.0,95.0
26.0,81.0,25.0,95.0
26.0,81.0,25.0,95.0
26.0,81.0,25.0,95.0
26.0,81.0,25.0,95.0
26.0,81.0,25.0,95.0
26.0,82.0,25.0,95.0
26.0,83.0,25.0,95.0
13.0,170.0,25.0,95.0
26.0,84.0,25.0,95.0
26.0,84.0,25.0,95.0
26.0,85.0,25.0,95.0
26.0,83.0,25.0,95.0
26.0,85.0,25.0,95.0
26.0,85.0,25.0,95.0
26.0,85.0,25.0,95.0
26.0,85.0,25.0,95.0
26.0,86.0,25.0,95.0
26.0,86.0,25.0,95.0
26.0,84.0,25.0,95.0
26.0,86.0,25.0,95.0
26.0,85.0,25.0,95.0
26.0,85.0,25.0,95.0
27.0,87.0,25.0,95.0
26.0,87.0,25.0,95.0
26.0,87.0,25.0,95.0
26.0,87.0,25.0,95.0
27.0,85.0,25.0,95.0
26.0,86.0,25.0,95.0
26.0,85.0,25.0,95.0
26.0,83.0,25.0,95.0
26.0,85.0,25.0,95.0
26.0,83.0,25.0,95.0
26.0,84.0,25.0,95.0
26.0,84.0,25.0,95.0
13.0,170.0,25.0,95.0
26.0,83.0,25.0,95.0
26.0,83.0,25.0,95.0
26.0,84.0,25.0,95.0
26.0,84.0,25.0,95.0
26.0,84.0,25.0,95.0
26.0,84.0,25.0,95.0
26.0,82.0,25.0,95.0
26.0,82.0,25.0,95.0
26.0,84.0,25.0,95.0
26.0,85.0,25.0,95.0
26.0,85.0,25.0,95.0
26.0,84.0,25.0,95.0
26.0,85.0,25.0,95.0
26.0,85.0,25.0,95.0
26.0,84.0,25.0,95.0
26.0,86.0,25.0,95.0
26.0,87.0,25.0,95.0
26.0,87.0,25.0,95.0
26.0,87.0,25.0,95.0
13.0,172.0,25.0,95.0
26.0,88.0,25.0,95.0
13.0,171.0,25.0,95.0
26.0,88.0,25.0,95.0
26.0,88.0,25.0,95.0
26.0,88.0,25.0,95.0
26.0,87.0,25.0,95.0
13.0,171.0,25.0,95.0
26.0,84.0,25.0,95.0
26.0,86.0,25.0,95.0
26.0,84.0,25.0,95.0
26.0,83.0,25.0,95.0
27.0,81.0,25.0,95.0
26.0,78.0,25.0,95.0
26.0,81.0,25.0,95.0
26.0,82.0,25.0,95.0
26.0,85.0,25.0,95.0
26.0,83.0,25.0,95.0
26.0,85.0,25.0,95.0
26.0,81.0,25.0,95.0
26.0,79.0,25.0,95.0
26.0,83.0,25.0,95.0
26.0,84.0,25.0,95.0
26.0,86.0,25.0,95.0
27.0,87.0,25.0,95.0
27.0,88.0,25.0,95.0
27.0,88.0,25.0,95.0
27.0,89.0,25.0,95.0
27.0,89.0,25.0,95.0
27.0,87.0,25.0,95.0
27.0,85.0,25.0,95.0
27.0,85.0,25.0,95.0
27.0,86.0,25.0,95.0
27.0,84.0,25.0,95.0
27.0,87.0,25.0,95.0
27.0,88.0,25.0,95.0
27.0,88.0,25.0,95.0
27.0,89.0,25.0,95.0
27.0,89.0,25.0,95.0
27.0,87.0,25.0,95.0
27.0,87.0,25.0,95.0
26.0,89.0,25.0,95.0
27.0,88.0,25.0,95.0
27.0,89.0,25.0,95.0
27.0,89.0,25.0,95.0
27.0,89.0,25.0,95.0
27.0,89.0,25.0,95.0
27.0,89.0,25.0,95.0
27.0,89.0,25.0,95.0
27.0,88.0,25.0,95.0
27.0,89.0,25.0,95.0
27.0,87.0,25.0,95.0
27.0,89.0,25.0,95.0
27.0,87.0,25.0,95.0
27.0,87.0,25.0,95.0
13.0,172.0,25.0,95.0
27.0,88.0,25.0,95.0
27.0,89.0,25.0,95.0
13.0,172.0,25.0,95.0
27.0,88.0,25.0,95.0
27.0,88.0,25.0,95.0
13.0,171.0,25.0,95.0
27.0,88.0,25.0,95.0
27.0,89.0,25.0,95.0
27.0,88.0,25.0,95.0
27.0,88.0,25.0,95.0
27.0,88.0,25.0,95.0
27.0,89.0,25.0,95.0
27.0,89.0,25.0,95.0
27.0,89.0,25.0,95.0
27.0,87.0,25.0,95.0
26.0,89.0,25.0,95.0
27.0,88.0,25.0,95.0
27.0,86.0,25.0,95.0
26.0,89.0,25.0,95.0
27.0,88.0,25.0,95.0
27.0,89.0,25.0,95.0
27.0,88.0,25.0,95.0
27.0,89.0,25.0,95.0
27.0,89.0,25.0,95.0
27.0,88.0,25.0,95.0
27.0,88.0,25.0,95.0
27.0,88.0,25.0,95.0
27.0,89.0,25.0,95.0
27.0,89.0,25.0,95.0
27.0,89.0,25.0,95.0
27.0,89.0,25.0,95.0
27.0,89.0,25.0,95.0
27.0,89.0,25.0,95.0
26.0,88.0,25.0,95.0
26.0,89.0,25.0,95.0
27.0,89.0,25.0,95.0
26.0,89.0,25.0,95.0
26.0,89.0,25.0,95.0
27.0,87.0,25.0,95.0
27.0,87.0,25.0,95.0
27.0,89.0,25.0,95.0
27.0,89.0,25.0,95.0
27.0,89.0,25.0,95.0
27.0,87.0,25.0,95.0
27.0,87.0,25.0,95.0
26.0,89.0,25.0,95.0
26.0,88.0,25.0,95.0
26.0,89.0,25.0,95.0
26.0,88.0,25.0,95.0
26.0,88.0,25.0,95.0
26.0,88.0,25.0,95.0
26.0,89.0,25.0,95.0
26.0,89.0,25.0,95.0
26.0,89.0,25.0,95.0
27.0,87.0,25.0,95.0
27.0,87.0,25.0,95.0
27.0,89.0,25.0,95.0
26.0,89.0,25.0,95.0
26.0,89.0,25.0,95.0
26.0,87.0,25.0,95.0
27.0,87.0,25.0,95.0
27.0,89.0,25.0,95.0
27.0,89.0,25.0,95.0
26.0,89.0,25.0,95.0
26.0,87.0,25.0,95.0
27.0,87.0,25.0,95.0
26.0,89.0,25.0,95.0
26.0,89.0,25.0,95.0
26.0,88.0,25.0,95.0
26.0,86.0,25.0,95.0
13.0,172.0,25.0,95.0
13.0,172.0,25.0,95.0
26.0,89.0,25.0,95.0
26.0,88.0,25.0,95.0
26.0,89.0,25.0,95.0
26.0,89.0,25.0,95.0
26.0,89.0,25.0,95.0
26.0,89.0,25.0,95.0
26.0,89.0,25.0,95.0
26.0,87.0,25.0,95.0
26.0,87.0,25.0,95.0
27.0,87.0,25.0,95.0
27.0,89.0,25.0,95.0
26.0,87.0,25.0,95.0
26.0,87.0,25.0,95.0
26.0,89.0,25.0,95.0
26.0,90.0,25.0,95.0
27.0,89.0,25.0,95.0
26.0,89.0,25.0,95.0
26.0,90.0,25.0,95.0
13.0,173.0,25.0,95.0
26.0,88.0,25.0,95.0
27.0,90.0,25.0,95.0
13.0,172.0,25.0,95.0
26.0,87.0,25.0,95.0
26.0,89.0,25.0,95.0
26.0,89.0,25.0,95.0
26.0,87.0,25.0,95.0
26.0,89.0,25.0,95.0
26.0,90.0,25.0,95.0
26.0,72.0,25.0,95.0
26.0,70.0,25.0,95.0
27.0,69.0,25.0,95.0
27.0,69.0,25.0,95.0
27.0,69.0,25.0,95.0
27.0,69.0,25.0,95.0
27.0,71.0,25.0,95.0
27.0,69.0,25.0,95.0
27.0,70.0,25.0,95.0
27.0,70.0,25.0,95.0
27.0,68.0,25.0,95.0
27.0,68.0,25.0,95.0
27.0,70.0,25.0,95.0
27.0,70.0,25.0,95.0
27.0,68.0,25.0,95.0
27.0,70.0,25.0,95.0
27.0,70.0,25.0,95.0
27.0,70.0,25.0,95.0
27.0,68.0,25.0,95.0
27.0,68.0,25.0,95.0
27.0,70.0,25.0,95.0
27.0,70.0,25.0,95.0
27.0,68.0,25.0,95.0
27.0,70.0,25.0,95.0
27.0,70.0,25.0,95.0
27.0,68.0,25.0,95.0
27.0,68.0,25.0,95.0
27.0,70.0,25.0,95.0
27.0,70.0,25.0,95.0
27.0,70.0,25.0,95.0
27.0,70.0,24.0,95.0
27.0,69.0,24.0,95.0
27.0,69.0,24.0,95.0
27.0,69.0,25.0,95.0
27.0,69.0,24.0,95.0
27.0,69.0,24.0,95.0
27.0,69.0,24.0,95.0
27.0,67.0,24.0,95.0
27.0,69.0,24.0,95.0
27.0,69.0,24.0,95.0
27.0,69.0,24.0,95.0
27.0,67.0,24.0,95.0
27.0,69.0,24.0,95.0
27.0,69.0,24.0,95.0
27.0,69.0,24.0,95.0
27.0,69.0,24.0,95.0
27.0,69.0,24.0,95.0
27.0,69.0,24.0,95.0
27.0,69.0,24.0,95.0
27.0,69.0,24.0,95.0
27.0,69.0,24.0,95.0
27.0,69.0,24.0,95.0
27.0,69.0,24.0,95.0
27.0,69.0,24.0,95.0
27.0,69.0,24.0,95.0
27.0,67.0,24.0,95.0
27.0,69.0,24.0,95.0
27.0,67.0,24.0,95.0
27.0,69.0,24.0,95.0
27.0,69.0,24.0,95.0
27.0,68.0,24.0,95.0
27.0,69.0,24.0,95.0
27.0,69.0,24.0,95.0
27.0,69.0,24.0,95.0
27.0,68.0,24.0,95.0
27.0,69.0,24.0,95.0
27.0,69.0,24.0,95.0
27.0,68.0,24.0,95.0
27.0,67.0,24.0,95.0
27.0,69.0,24.0,95.0
27.0,67.0,24.0,95.0
27.0,69.0,24.0,95.0
27.0,67.0,24.0,95.0
27.0,67.0,24.0,95.0
27.0,69.0,24.0,95.0
27.0,69.0,24.0,95.0
27.0,69.0,24.0,95.0
27.0,69.0,24.0,95.0
27.0,69.0,24.0,95.0
27.0,67.0,24.0,95.0
27.0,69.0,24.0,95.0
27.0,69.0,24.0,95.0
27.0,67.0,24.0,95.0
27.0,67.0,24.0,95.0
13.0,162.0,24.0,95.0
27.0,66.0,24.0,95.0
27.0,68.0,24.0,95.0
27.0,68.0,12.0,175.0
27.0,68.0,24.0,95.0
27.0,68.0,24.0,95.0
27.0,66.0,24.0,95.0
27.0,68.0,24.0,95.0
27.0,68.0,24.0,95.0
27.0,68.0,24.0,95.0
27.0,68.0,24.0,95.0
27.0,66.0,24.0,95.0
27.0,68.0,24.0,95.0
27.0,68.0,24.0,95.0
27.0,68.0,24.0,95.0
27.0,68.0,24.0,95.0
27.0,68.0,24.0,95.0
13.0,162.0,24.0,95.0
27.0,68.0,24.0,95.0
27.0,69.0,24.0,95.0
27.0,69.0,24.0,95.0
27.0,69.0,24.0,95.0
26.0,69.0,24.0,95.0
27.0,69.0,24.0,95.0
27.0,69.0,24.0,95.0
27.0,67.0,24.0,95.0
26.0,69.0,24.0,95.0
26.0,69.0,24.0,95.0
27.0,69.0,24.0,95.0
27.0,69.0,24.0,95.0
27.0,69.0,24.0,95.0
27.0,67.0,24.0,95.0
27.0,69.0,24.0,95.0
27.0,69.0,24.0,95.0
27.0,69.0,24.0,95.0
27.0,69.0,24.0,95.0
26.0,69.0,24.0,95.0
27.0,69.0,24.0,95.0
27.0,69.0,24.0,95.0
27.0,67.0,24.0,95.0
27.0,69.0,24.0,95.0
27.0,69.0,24.0,95.0
27.0,69.0,24.0,95.0
27.0,69.0,24.0,95.0
27.0,69.0,24.0,95.0
27.0,69.0,24.0,95.0
26.0,69.0,24.0,95.0
27.0,69.0,24.0,95.0
27.0,69.0,24.0,95.0
26.0,69.0,24.0,95.0
27.0,69.0,24.0,95.0
27.0,67.0,24.0,95.0
27.0,69.0,24.0,95.0
27.0,69.0,24.0,95.0
27.0,69.0,24.0,95.0
27.0,67.0,24.0,95.0
27.0,67.0,24.0,95.0
27.0,69.0,24.0,95.0
27.0,69.0,24.0,95.0
27.0,69.0,24.0,95.0
27.0,69.0,24.0,95.0
27.0,69.0,24.0,95.0
27.0,68.0,24.0,95.0
27.0,68.0,24.0,95.0
27.0,68.0,24.0,95.0
27.0,68.0,24.0,95.0
13.0,162.0,24.0,95.0
27.0,68.0,24.0,95.0
27.0,68.0,24.0,95.0
27.0,68.0,24.0,95.0
27.0,68.0,24.0,95.0
27.0,68.0,24.0,95.0
13.0,162.0,24.0,95.0
27.0,68.0,24.0,95.0
13.0,161.0,24.0,95.0
27.0,68.0,24.0,95.0
27.0,68.0,24.0,95.0
27.0,68.0,24.0,95.0
27.0,66.0,24.0,95.0
27.0,68.0,24.0,95.0
27.0,68.0,24.0,95.0
27.0,68.0,24.0,95.0
27.0,68.0,24.0,95.0
27.0,66.0,24.0,95.0
27.0,68.0,24.0,95.0
27.0,68.0,24.0,95.0
27.0,68.0,24.0,95.0
27.0,68.0,24.0,95.0
27.0,68.0,24.0,95.0
13.0,162.0,24.0,95.0
27.0,68.0,24.0,95.0
13.0,162.0,24.0,95.0
27.0,68.0,24.0,95.0
27.0,68.0,24.0,95.0
27.0,68.0,24.0,95.0
27.0,66.0,24.0,95.0
13.0,162.0,24.0,95.0
27.0,68.0,24.0,95.0
27.0,68.0,24.0,95.0
13.0,161.0,24.0,95.0
13.0,162.0,24.0,95.0
27.0,68.0,24.0,95.0
26.0,67.0,24.0,95.0
13.0,161.0,24.0,95.0
26.0,67.0,24.0,95.0
27.0,67.0,24.0,95.0
26.0,65.0,24.0,95.0
26.0,67.0,24.0,95.0
26.0,65.0,12.0,175.0
26.0,67.0,24.0,95.0
26.0,67.0,24.0,95.0
26.0,67.0,24.0,95.0
26.0,67.0,24.0,95.0
26.0,67.0,24.0,95.0
26.0,67.0,24.0,95.0
26.0,65.0,24.0,95.0
26.0,67.0,24.0,95.0
26.0,65.0,24.0,95.0
26.0,67.0,24.0,95.0
26.0,67.0,12.0,175.0
26.0,67.0,12.0,175.0
26.0,67.0,24.0,95.0
26.0,67.0,24.0,95.0
26.0,67.0,24.0,95.0
26.0,67.0,24.0,95.0
27.0,67.0,24.0,95.0
27.0,67.0,24.0,95.0
26.0,65.0,24.0,95.0
26.0,65.0,24.0,95.0
26.0,67.0,24.0,95.0
27.0,65.0,24.0,95.0
26.0,67.0,24.0,95.0
26.0,67.0,24.0,95.0
26.0,67.0,24.0,95.0
26.0,67.0,24.0,95.0
26.0,67.0,24.0,95.0
26.0,65.0,24.0,95.0
26.0,65.0,24.0,95.0
26.0,65.0,24.0,95.0
26.0,65.0,24.0,95.0
26.0,67.0,24.0,95.0
26.0,65.0,24.0,95.0
26.0,65.0,24.0,95.0
26.0,65.0,24.0,95.0
26.0,67.0,24.0,95.0
26.0,65.0,24.0,95.0
26.0,67.0,24.0,95.0
26.0,67.0,24.0,95.0
26.0,67.0,24.0,95.0
26.0,65.0,24.0,95.0
26.0,67.0,24.0,95.0
26.0,67.0,24.0,95.0
26.0,67.0,24.0,95.0
26.0,67.0,24.0,95.0
26.0,67.0,24.0,95.0
26.0,67.0,24.0,95.0
26.0,65.0,24.0,95.0
26.0,67.0,24.0,95.0
13.0,161.0,24.0,95.0
26.0,65.0,24.0,95.0
13.0,161.0,24.0,95.0
26.0,67.0,24.0,95.0
26.0,67.0,24.0,95.0
13.0,161.0,24.0,95.0
26.0,66.0,24.0,95.0
26.0,65.0,24.0,95.0
26.0,66.0,24.0,95.0
26.0,67.0,24.0,95.0
13.0,161.0,24.0,95.0
26.0,66.0,24.0,95.0
26.0,66.0,24.0,95.0
13.0,161.0,24.0,95.0
26.0,66.0,24.0,95.0
26.0,66.0,24.0,95.0
26.0,66.0,24.0,95.0
26.0,64.0,24.0,95.0
26.0,66.0,24.0,95.0
26.0,66.0,24.0,95.0
26.0,66.0,24.0,95.0
26.0,66.0,24.0,95.0
26.0,66.0,24.0,95.0
26.0,66.0,24.0,95.0
13.0,161.0,24.0,95.0
26.0,66.0,24.0,95.0
26.0,66.0,24.0,95.0
26.0,66.0,24.0,95.0
26.0,66.0,24.0,95.0
26.0,66.0,24.0,95.0
26.0,66.0,24.0,95.0
26.0,66.0,24.0,95.0
26.0,66.0,24.0,95.0
13.0,161.0,24.0,95.0
13.0,161.0,24.0,95.0
26.0,66.0,24.0,95.0
13.0,161.0,24.0,95.0
26.0,66.0,24.0,95.0
26.0,66.0,24.0,95.0
26.0,66.0,24.0,95.0
27.0,66.0,24.0,95.0
26.0,66.0,24.0,95.0
26.0,66.0,24.0,95.0
26.0,66.0,24.0,95.0
26.0,66.0,24.0,95.0
26.0,64.0,24.0,95.0
26.0,66.0,24.0,95.0
27.0,64.0,24.0,95.0
26.0,66.0,24.0,95.0
26.0,66.0,24.0,95.0
26.0,66.0,24.0,95.0
26.0,64.0,24.0,95.0
26.0,66.0,24.0,95.0
26.0,66.0,24.0,95.0
26.0,64.0,24.0,95.0
26.0,66.0,24.0,95.0
13.0,161.0,24.0,95.0
26.0,66.0,23.0,95.0
26.0,66.0,24.0,95.0
13.0,161.0,24.0,95.0
26.0,66.0,24.0,95.0
26.0,66.0,24.0,95.0
26.0,66.0,24.0,95.0
26.0,66.0,24.0,95.0
26.0,66.0,23.0,95.0
26.0,66.0,24.0,95.0
26.0,65.0,24.0,95.0
26.0,66.0,24.0,95.0
26.0,66.0,24.0,95.0
26.0,65.0,24.0,95.0
26.0,63.0,24.0,95.0
26.0,63.0,24.0,95.0
26.0,65.0,24.0,95.0
26.0,65.0,24.0,95.0
26.0,65.0,24.0,95.0
26.0,65.0,24.0,95.0
26.0,65.0,24.0,95.0
26.0,65.0,24.0,95.0
26.0,65.0,24.0,95.0
26.0,65.0,23.0,95.0
26.0,66.0,24.0,95.0
26.0,64.0,24.0,95.0
26.0,65.0,24.0,95.0
26.0,65.0,24.0,95.0
26.0,65.0,24.0,95.0
26.0,65.0,23.0,95.0
26.0,63.0,24.0,95.0
26.0,65.0,24.0,95.0
13.0,159.0,24.0,95.0
26.0,65.0,23.0,95.0
13.0,160.0,23.0,95.0
26.0,65.0,23.0,95.0
26.0,65.0,23.0,95.0
26.0,65.0,24.0,95.0
26.0,65.0,23.0,95.0
26.0,64.0,24.0,95.0
26.0,66.0,24.0,95.0
26.0,64.0,23.0,95.0
26.0,64.0,24.0,95.0
26.0,64.0,23.0,95.0
26.0,66.0,24.0,95.0
26.0,66.0,24.0,95.0
26.0,66.0,24.0,95.0
26.0,66.0,24.0,95.0
26.0,64.0,12.0,175.0
26.0,66.0,24.0,95.0
26.0,66.0,23.0,95.0
26.0,64.0,23.0,95.0
26.0,66.0,23.0,95.0
26.0,66.0,23.0,95.0
26.0,66.0,24.0,95.0
26.0,66.0,24.0,95.0
26.0,64.0,23.0,95.0
13.0,161.0,23.0,95.0
26.0,66.0,23.0,95.0
26.0,66.0,23.0,95.0
13.0,161.0,23.0,95.0
26.0,65.0,23.0,95.0
26.0,65.0,24.0,95.0
26.0,65.0,23.0,95.0
26.0,64.0,23.0,95.0
26.0,65.0,23.0,95.0
13.0,160.0,23.0,95.0
26.0,65.0,23.0,95.0
13.0,160.0,23.0,95.0
26.0,65.0,24.0,95.0
26.0,63.0,24.0,95.0
26.0,65.0,23.0,95.0
26.0,63.0,23.0,95.0
13.0,160.0,24.0,95.0
26.0,65.0,23.0,95.0
26.0,63.0,23.0,95.0
26.0,65.0,23.0,95.0
26.0,65.0,23.0,95.0
26.0,65.0,23.0,95.0
26.0,65.0,23.0,95.0
26.0,65.0,24.0,95.0
26.0,65.0,23.0,95.0
26.0,65.0,23.0,95.0
13.0,159.0,23.0,95.0
26.0,65.0,24.0,95.0
26.0,63.0,23.0,95.0
26.0,65.0,23.0,95.0
26.0,63.0,23.0,95.0
27.0,63.0,23.0,95.0
27.0,63.0,23.0,95.0
26.0,65.0,23.0,95.0
26.0,65.0,23.0,95.0
26.0,65.0,23.0,95.0
26.0,65.0,24.0,95.0
27.0,65.0,23.0,95.0
27.0,65.0,23.0,95.0
27.0,65.0,23.0,95.0
27.0,63.0,23.0,95.0
27.0,63.0,23.0,95.0
26.0,65.0,24.0,95.0
27.0,65.0,24.0,95.0
27.0,65.0,23.0,95.0
27.0,65.0,24.0,95.0
27.0,65.0,24.0,95.0
27.0,65.0,23.0,95.0
27.0,65.0,23.0,95.0
27.0,65.0,24.0,95.0
27.0,64.0,12.0,175.0
27.0,65.0,24.0,95.0
27.0,65.0,24.0,95.0
27.0,65.0,24.0,95.0
27.0,65.0,24.0,95.0
27.0,65.0,24.0,95.0
27.0,65.0,24.0,95.0
27.0,65.0,24.0,95.0
28.0,65.0,24.0,95.0
28.0,65.0,24.0,95.0
28.0,63.0,24.0,95.0
28.0,65.0,12.0,175.0
28.0,65.0,24.0,95.0
28.0,65.0,24.0,95.0
28.0,63.0,24.0,95.0
28.0,65.0,24.0,95.0
27.0,64.0,24.0,95.0
27.0,65.0,24.0,95.0
27.0,63.0,24.0,95.0
27.0,63.0,24.0,95.0
27.0,65.0,24.0,95.0
27.0,65.0,24.0,95.0
27.0,66.0,24.0,95.0
27.0,65.0,24.0,95.0
27.0,66.0,24.0,95.0
27.0,66.0,24.0,95.0
27.0,64.0,24.0,95.0
27.0,65.0,24.0,95.0
27.0,66.0,24.0,95.0
27.0,66.0,24.0,95.0
27.0,64.0,24.0,95.0
27.0,65.0,24.0,95.0
27.0,66.0,24.0,95.0
27.0,65.0,24.0,95.0
13.0,160.0,24.0,95.0
28.0,66.0,12.0,175.0
27.0,63.0,24.0,95.0
28.0,66.0,24.0,95.0
28.0,66.0,24.0,95.0
28.0,66.0,24.0,95.0
28.0,65.0,24.0,95.0
28.0,65.0,24.0,95.0
28.0,65.0,24.0,95.0
28.0,65.0,24.0,95.0
28.0,63.0,24.0,95.0
28.0,63.0,24.0,95.0
28.0,63.0,24.0,95.0
28.0,65.0,24.0,95.0
28.0,65.0,24.0,95.0
28.0,65.0,24.0,95.0
28.0,66.0,24.0,95.0
28.0,64.0,24.0,95.0
28.0,64.0,24.0,95.0
28.0,64.0,24.0,95.0
28.0,64.0,24.0,95.0
28.0,66.0,24.0,95.0
28.0,66.0,24.0,95.0
28.0,66.0,24.0,95.0
28.0,66.0,24.0,95.0
28.0,66.0,24.0,95.0
28.0,66.0,24.0,95.0
28.0,66.0,24.0,95.0
28.0,66.0,24.0,95.0
28.0,64.0,24.0,95.0
14.0,160.0,24.0,95.0
28.0,64.0,24.0,95.0
28.0,64.0,24.0,95.0
28.0,66.0,24.0,95.0
28.0,66.0,24.0,95.0
14.0,161.0,24.0,95.0
28.0,64.0,24.0,95.0
28.0,64.0,24.0,95.0
28.0,66.0,24.0,95.0
28.0,64.0,24.0,95.0
28.0,66.0,24.0,95.0
28.0,66.0,24.0,95.0
28.0,66.0,24.0,95.0
28.0,64.0,24.0,95.0
28.0,66.0,24.0,95.0
28.0,66.0,24.0,95.0
28.0,66.0,24.0,95.0
28.0,66.0,12.0,175.0
28.0,66.0,24.0,95.0
28.0,66.0,24.0,95.0
28.0,64.0,24.0,95.0
28.0,66.0,24.0,95.0
28.0,64.0,24.0,95.0
28.0,66.0,24.0,95.0
28.0,64.0,24.0,95.0
28.0,66.0,24.0,95.0
28.0,66.0,24.0,95.0
27.0,63.0,24.0,95.0
28.0,63.0,24.0,95.0
14.0,159.0,24.0,95.0
28.0,66.0,24.0,95.0
28.0,64.0,12.0,175.0
27.0,65.0,24.0,95.0
28.0,65.0,24.0,95.0
28.0,64.0,24.0,95.0
28.0,66.0,24.0,95.0
28.0,64.0,24.0,95.0
27.0,63.0,24.0,95.0
27.0,65.0,24.0,95.0
27.0,65.0,24.0,95.0
27.0,63.0,24.0,95.0
28.0,66.0,24.0,95.0
27.0,65.0,24.0,95.0
27.0,65.0,24.0,95.0
28.0,64.0,24.0,95.0
28.0,65.0,24.0,95.0
27.0,64.0,25.0,95.0
27.0,64.0,24.0,95.0
27.0,64.0,24.0,95.0
27.0,64.0,25.0,95.0
27.0,64.0,24.0,95.0
14.0,160.0,24.0,95.0
27.0,64.0,25.0,95.0
27.0,64.0,24.0,95.0
27.0,62.0,24.0,95.0
27.0,62.0,24.0,95.0
27.0,64.0,24.0,95.0
27.0,64.0,24.0,95.0
27.0,64.0,24.0,95.0
27.0,64.0,24.0,95.0
27.0,64.0,24.0,95.0
27.0,62.0,24.0,95.0
27.0,64.0,24.0,95.0
27.0,64.0,24.0,95.0
27.0,64.0,24.0,95.0
27.0,62.0,24.0,95.0
27.0,62.0,24.0,95.0
27.0,64.0,24.0,95.0
27.0,62.0,24.0,95.0
27.0,64.0,25.0,95.0
27.0,64.0,24.0,95.0
27.0,64.0,24.0,95.0
27.0,64.0,25.0,95.0
27.0,64.0,25.0,95.0
27.0,64.0,24.0,95.0
13.0,160.0,25.0,95.0
27.0,63.0,24.0,95.0
27.0,63.0,24.0,95.0
27.0,61.0,25.0,95.0
27.0,64.0,24.0,95.0
27.0,62.0,24.0,95.0
27.0,64.0,24.0,95.0
27.0,64.0,24.0,95.0
27.0,63.0,24.0,95.0
27.0,62.0,25.0,95.0
27.0,64.0,24.0,95.0
27.0,63.0,24.0,95.0
27.0,61.0,24.0,95.0
27.0,64.0,24.0,95.0
27.0,64.0,25.0,95.0
27.0,64.0,24.0,95.0
27.0,64.0,24.0,95.0
27.0,64.0,24.0,95.0
27.0,64.0,24.0,95.0
27.0,62.0,24.0,95.0
27.0,64.0,24.0,95.0
27.0,64.0,24.0,95.0
27.0,64.0,24.0,95.0
27.0,64.0,24.0,95.0
27.0,64.0,24.0,95.0
27.0,64.0,24.0,95.0
27.0,64.0,24.0,95.0
27.0,64.0,24.0,95.0
27.0,64.0,24.0,95.0
27.0,64.0,24.0,95.0
27.0,64.0,24.0,95.0
27.0,64.0,24.0,95.0
27.0,64.0,25.0,95.0
27.0,65.0,24.0,95.0
27.0,64.0,24.0,95.0
27.0,65.0,24.0,95.0
27.0,63.0,24.0,95.0
27.0,63.0,24.0,95.0
27.0,63.0,24.0,95.0
27.0,63.0,24.0,95.0
27.0,65.0,24.0,95.0
27.0,65.0,12.0,175.0
27.0,65.0,24.0,95.0
27.0,65.0,24.0,95.0
27.0,65.0,24.0,95.0
27.0,63.0,24.0,95.0
27.0,65.0,24.0,95.0
27.0,65.0,24.0,95.0
27.0,65.0,24.0,95.0
27.0,65.0,25.0,95.0
27.0,65.0,24.0,95.0
27.0,65.0,24.0,95.0
27.0,65.0,24.0,95.0
27.0,65.0,24.0,95.0
27.0,65.0,24.0,95.0
27.0,65.0,24.0,95.0
27.0,65.0,24.0,95.0
27.0,65.0,24.0,95.0
27.0,66.0,24.0,95.0
27.0,66.0,24.0,95.0
27.0,64.0,24.0,95.0
27.0,64.0,24.0,95.0
27.0,66.0,24.0,95.0
27.0,66.0,24.0,95.0
13.0,161.0,24.0,95.0
27.0,64.0,24.0,95.0
27.0,64.0,24.0,95.0
27.0,66.0,24.0,95.0
27.0,66.0,24.0,95.0
27.0,66.0,24.0,95.0
27.0,65.0,25.0,95.0
27.0,65.0,24.0,95.0
27.0,65.0,24.0,95.0
27.0,65.0,24.0,95.0
27.0,66.0,24.0,95.0
27.0,65.0,24.0,95.0
27.0,65.0,24.0,95.0
27.0,65.0,24.0,95.0
27.0,65.0,24.0,95.0
27.0,65.0,24.0,95.0
27.0,63.0,24.0,95.0
27.0,65.0,24.0,95.0
27.0,65.0,24.0,95.0
27.0,65.0,24.0,95.0
27.0,65.0,24.0,95.0
27.0,66.0,24.0,95.0
27.0,64.0,24.0,95.0
27.0,66.0,24.0,95.0
27.0,66.0,24.0,95.0
27.0,66.0,24.0,95.0
27.0,66.0,24.0,95.0
13.0,160.0,24.0,95.0
27.0,66.0,24.0,95.0
27.0,66.0,24.0,95.0
27.0,66.0,24.0,95.0
27.0,66.0,24.0,95.0
27.0,64.0,24.0,95.0
27.0,64.0,24.0,95.0
27.0,66.0,24.0,95.0
27.0,66.0,24.0,95.0
27.0,66.0,24.0,95.0
27.0,66.0,24.0,95.0
27.0,64.0,24.0,95.0
27.0,65.0,24.0,95.0
27.0,63.0,24.0,95.0
27.0,63.0,24.0,95.0
27.0,65.0,24.0,95.0
27.0,65.0,24.0,95.0
27.0,65.0,24.0,95.0
27.0,63.0,24.0,95.0
27.0,65.0,24.0,95.0
27.0,65.0,24.0,95.0
27.0,65.0,24.0,95.0
27.0,65.0,24.0,95.0
27.0,64.0,24.0,95.0
27.0,62.0,24.0,95.0
27.0,64.0,24.0,95.0
27.0,64.0,24.0,95.0
13.0,160.0,24.0,95.0
27.0,64.0,24.0,95.0
27.0,64.0,24.0,95.0
13.0,159.0,24.0,95.0
27.0,64.0,24.0,95.0
13.0,160.0,24.0,95.0
27.0,64.0,24.0,95.0
27.0,64.0,24.0,95.0
27.0,62.0,24.0,95.0
27.0,63.0,24.0,95.0
27.0,64.0,24.0,95.0
27.0,63.0,24.0,95.0
27.0,61.0,24.0,95.0
27.0,63.0,24.0,95.0
27.0,63.0,24.0,95.0
27.0,63.0,24.0,95.0
27.0,63.0,24.0,95.0
27.0,62.0,24.0,95.0
27.0,62.0,24.0,95.0
27.0,62.0,24.0,95.0
13.0,158.0,24.0,95.0
27.0,61.0,24.0,95.0
27.0,59.0,24.0,95.0
27.0,61.0,24.0,95.0
27.0,61.0,24.0,95.0
27.0,61.0,24.0,95.0
27.0,61.0,24.0,95.0
27.0,60.0,24.0,95.0
27.0,60.0,24.0,95.0
27.0,60.0,24.0,95.0
27.0,58.0,24.0,95.0
27.0,60.0,24.0,95.0
27.0,60.0,24.0,95.0
27.0,58.0,24.0,95.0
27.0,60.0,24.0,95.0
27.0,61.0,24.0,95.0
27.0,61.0,24.0,95.0
27.0,59.0,24.0,95.0
27.0,61.0,24.0,95.0
27.0,61.0,24.0,95.0
27.0,59.0,24.0,95.0
27.0,61.0,24.0,95.0
27.0,61.0,24.0,95.0
27.0,61.0,24.0,95.0
27.0,59.0,24.0,95.0
27.0,59.0,24.0,95.0
26.0,61.0,24.0,95.0
26.0,61.0,24.0,95.0
26.0,61.0,24.0,95.0
26.0,61.0,24.0,95.0
13.0,158.0,24.0,95.0
26.0,61.0,24.0,95.0
26.0,61.0,24.0,95.0
26.0,61.0,24.0,95.0
13.0,158.0,24.0,95.0
13.0,158.0,24.0,95.0
26.0,61.0,24.0,95.0
26.0,59.0,24.0,95.0
13.0,158.0,24.0,95.0
26.0,61.0,24.0,95.0
26.0,62.0,24.0,95.0
26.0,61.0,24.0,95.0
26.0,61.0,24.0,95.0
27.0,59.0,24.0,95.0
27.0,59.0,24.0,95.0
27.0,61.0,24.0,95.0
27.0,61.0,24.0,95.0
27.0,61.0,24.0,95.0
27.0,62.0,24.0,95.0
13.0,159.0,24.0,95.0
27.0,63.0,24.0,95.0
27.0,61.0,24.0,95.0
27.0,63.0,24.0,95.0
27.0,63.0,24.0,95.0
26.0,63.0,24.0,95.0
26.0,63.0,24.0,95.0
26.0,64.0,24.0,95.0
26.0,64.0,12.0,175.0
26.0,64.0,24.0,95.0
26.0,62.0,24.0,95.0
26.0,64.0,24.0,95.0
26.0,64.0,24.0,95.0
13.0,160.0,24.0,95.0
26.0,64.0,24.0,95.0
13.0,160.0,24.0,95.0
26.0,65.0,24.0,95.0
26.0,65.0,24.0,95.0
26.0,65.0,24.0,95.0
26.0,65.0,24.0,95.0
26.0,63.0,24.0,95.0
26.0,63.0,24.0,95.0
26.0,63.0,24.0,95.0
26.0,66.0,24.0,95.0
26.0,64.0,24.0,95.0
26.0,66.0,24.0,95.0
26.0,66.0,24.0,95.0
26.0,67.0,24.0,95.0
26.0,67.0,24.0,95.0
26.0,68.0,24.0,95.0
26.0,66.0,24.0,95.0
26.0,68.0,24.0,95.0
27.0,69.0,24.0,95.0
27.0,67.0,24.0,95.0
26.0,69.0,24.0,95.0
27.0,69.0,24.0,95.0
27.0,67.0,24.0,95.0
27.0,69.0,24.0,95.0
27.0,69.0,24.0,95.0
27.0,67.0,24.0,95.0
27.0,69.0,24.0,95.0
27.0,69.0,24.0,95.0
27.0,69.0,24.0,95.0
27.0,70.0,24.0,95.0
27.0,70.0,24.0,95.0
27.0,69.0,24.0,95.0
27.0,69.0,24.0,95.0
27.0,67.0,24.0,95.0
27.0,69.0,24.0,95.0
27.0,67.0,24.0,95.0
27.0,67.0,24.0,95.0
27.0,67.0,24.0,95.0
27.0,69.0,24.0,95.0
27.0,69.0,24.0,95.0
27.0,66.0,24.0,95.0
27.0,66.0,24.0,95.0
27.0,68.0,24.0,95.0
13.0,162.0,24.0,95.0
26.0,67.0,24.0,95.0
26.0,68.0,24.0,95.0
26.0,66.0,24.0,95.0
26.0,68.0,24.0,95.0
13.0,160.0,24.0,95.0
26.0,66.0,24.0,95.0
26.0,65.0,24.0,95.0
26.0,65.0,24.0,95.0
26.0,65.0,24.0,95.0
26.0,67.0,24.0,95.0
26.0,65.0,12.0,175.0
13.0,161.0,24.0,95.0
26.0,67.0,24.0,95.0
26.0,67.0,24.0,95.0
26.0,67.0,24.0,95.0
26.0,67.0,24.0,95.0
26.0,65.0,24.0,95.0
26.0,67.0,24.0,95.0
26.0,67.0,24.0,95.0
26.0,66.0,24.0,95.0
26.0,65.0,24.0,95.0
26.0,66.0,24.0,95.0
26.0,66.0,24.0,95.0
26.0,66.0,24.0,95.0
26.0,66.0,24.0,95.0
26.0,66.0,24.0,95.0
26.0,66.0,24.0,95.0
26.0,66.0,24.0,95.0
26.0,64.0,24.0,95.0
26.0,65.0,24.0,95.0
13.0,160.0,24.0,95.0
13.0,160.0,24.0,95.0
26.0,64.0,24.0,95.0
26.0,66.0,24.0,95.0
26.0,66.0,24.0,95.0
26.0,66.0,24.0,95.0
26.0,66.0,24.0,95.0
26.0,64.0,24.0,95.0
26.0,66.0,24.0,95.0
13.0,161.0,16.0,95.0
26.0,66.0,24.0,95.0
26.0,66.0,24.0,95.0
26.0,66.0,24.0,95.0
26.0,66.0,24.0,95.0
26.0,66.0,24.0,95.0
26.0,64.0,24.0,95.0
26.0,66.0,24.0,95.0
26.0,64.0,24.0,95.0
26.0,66.0,24.0,95.0
26.0,66.0,23.0,95.0
26.0,66.0,24.0,95.0
26.0,66.0,24.0,95.0
26.0,64.0,24.0,95.0
26.0,66.0,24.0,95.0
26.0,66.0,24.0,95.0
26.0,66.0,24.0,95.0
26.0,67.0,24.0,95.0
26.0,68.0,23.0,95.0
26.0,66.0,24.0,95.0
26.0,68.0,12.0,175.0
26.0,69.0,24.0,95.0
26.0,69.0,24.0,95.0
26.0,67.0,24.0,95.0
26.0,70.0,24.0,95.0
26.0,70.0,24.0,95.0
13.0,163.0,23.0,95.0
27.0,68.0,24.0,95.0
27.0,71.0,24.0,95.0
27.0,69.0,24.0,95.0
27.0,69.0,24.0,95.0
27.0,71.0,24.0,95.0
27.0,71.0,24.0,95.0
27.0,71.0,24.0,95.0
27.0,70.0,24.0,95.0
27.0,71.0,24.0,95.0
27.0,71.0,24.0,95.0
27.0,71.0,24.0,95.0
27.0,72.0,24.0,95.0
27.0,72.0,24.0,95.0
27.0,72.0,24.0,95.0
27.0,71.0,24.0,95.0
27.0,69.0,24.0,95.0
26.0,70.0,24.0,95.0
27.0,68.0,24.0,95.0
26.0,70.0,24.0,95.0
26.0,68.0,24.0,95.0
26.0,70.0,24.0,95.0
13.0,162.0,24.0,95.0
26.0,69.0,24.0,95.0
26.0,69.0,24.0,95.0
26.0,69.0,24.0,95.0
26.0,69.0,24.0,95.0
26.0,67.0,24.0,95.0
26.0,68.0,24.0,95.0
26.0,68.0,24.0,95.0
26.0,68.0,24.0,95.0
26.0,66.0,24.0,95.0
26.0,68.0,24.0,95.0
13.0,162.0,24.0,95.0
13.0,161.0,24.0,95.0
26.0,68.0,24.0,95.0
26.0,67.0,24.0,95.0
26.0,67.0,24.0,95.0
26.0,67.0,24.0,95.0
26.0,67.0,24.0,95.0
26.0,67.0,24.0,95.0
26.0,67.0,24.0,95.0
26.0,67.0,24.0,95.0
26.0,67.0,24.0,95.0
26.0,65.0,24.0,95.0
26.0,67.0,24.0,95.0
26.0,67.0,24.0,95.0
26.0,67.0,24.0,95.0
26.0,67.0,24.0,95.0
26.0,67.0,24.0,95.0
26.0,67.0,24.0,95.0
26.0,67.0,24.0,95.0
26.0,65.0,24.0,95.0
26.0,67.0,24.0,95.0
26.0,67.0,24.0,95.0
26.0,67.0,24.0,95.0
26.0,67.0,12.0,175.0
26.0,67.0,24.0,95.0
26.0,67.0,24.0,95.0
26.0,65.0,24.0,95.0
13.0,160.0,12.0,175.0
26.0,66.0,24.0,95.0
13.0,161.0,24.0,95.0
26.0,66.0,24.0,95.0
13.0,161.0,24.0,95.0
26.0,66.0,23.0,95.0
26.0,64.0,24.0,95.0
26.0,66.0,23.0,95.0
13.0,161.0,23.0,95.0
26.0,64.0,23.0,95.0
26.0,66.0,23.0,95.0
26.0,66.0,23.0,95.0
26.0,66.0,23.0,95.0
26.0,66.0,24.0,95.0
26.0,66.0,23.0,95.0
26.0,64.0,23.0,95.0
26.0,66.0,23.0,95.0
26.0,67.0,23.0,95.0
26.0,67.0,23.0,95.0
26.0,65.0,23.0,95.0
26.0,68.0,23.0,95.0
26.0,68.0,23.0,95.0
26.0,69.0,23.0,95.0
26.0,69.0,23.0,95.0
13.0,162.0,23.0,95.0
26.0,70.0,23.0,95.0
26.0,69.0,23.0,95.0
26.0,69.0,24.0,95.0
26.0,70.0,23.0,95.0
27.0,69.0,23.0,95.0
27.0,67.0,24.0,95.0
27.0,70.0,24.0,95.0
27.0,68.0,24.0,95.0
26.0,70.0,24.0,95.0
27.0,70.0,24.0,95.0
26.0,70.0,23.0,95.0
13.0,163.0,23.0,95.0
13.0,163.0,24.0,95.0
26.0,71.0,24.0,95.0
27.0,70.0,24.0,95.0
27.0,70.0,24.0,95.0
27.0,71.0,24.0,95.0
27.0,71.0,24.0,95.0
27.0,69.0,24.0,95.0
27.0,71.0,24.0,95.0
27.0,71.0,24.0,95.0
27.0,69.0,24.0,95.0
27.0,71.0,24.0,95.0
27.0,69.0,24.0,95.0
27.0,69.0,24.0,95.0
27.0,69.0,24.0,95.0
27.0,71.0,24.0,95.0
27.0,69.0,24.0,95.0
27.0,71.0,24.0,95.0
27.0,71.0,24.0,95.0
27.0,69.0,24.0,95.0
27.0,69.0,24.0,95.0
27.0,71.0,24.0,95.0
27.0,71.0,24.0,95.0
27.0,69.0,24.0,95.0
27.0,71.0,24.0,95.0
27.0,71.0,24.0,95.0
27.0,71.0,24.0,95.0
27.0,71.0,24.0,95.0
27.0,71.0,24.0,95.0
27.0,71.0,24.0,95.0
27.0,72.0,24.0,95.0
27.0,72.0,24.0,95.0
27.0,72.0,24.0,95.0
27.0,72.0,24.0,95.0
27.0,72.0,24.0,95.0
27.0,72.0,24.0,95.0
13.0,164.0,24.0,95.0
27.0,72.0,24.0,95.0
27.0,72.0,24.0,95.0
27.0,72.0,24.0,95.0
27.0,72.0,24.0,95.0
27.0,72.0,24.0,95.0
27.0,72.0,24.0,95.0
27.0,72.0,24.0,95.0
27.0,72.0,24.0,95.0
27.0,73.0,24.0,95.0
27.0,73.0,24.0,95.0
27.0,73.0,24.0,95.0
27.0,71.0,24.0,95.0
27.0,71.0,24.0,95.0
27.0,72.0,24.0,95.0
13.0,164.0,24.0,95.0
13.0,164.0,24.0,95.0
26.0,72.0,24.0,95.0
26.0,71.0,24.0,95.0
26.0,69.0,24.0,95.0
26.0,71.0,24.0,95.0
26.0,71.0,24.0,95.0
26.0,71.0,24.0,95.0
26.0,71.0,24.0,95.0
26.0,70.0,24.0,95.0
26.0,70.0,24.0,95.0
26.0,70.0,24.0,95.0
26.0,68.0,24.0,95.0
26.0,70.0,24.0,95.0
26.0,70.0,24.0,95.0
26.0,71.0,24.0,95.0
26.0,69.0,24.0,95.0
26.0,72.0,24.0,95.0
26.0,70.0,24.0,95.0
26.0,73.0,24.0,95.0
26.0,73.0,24.0,95.0
26.0,73.0,24.0,95.0
26.0,74.0,24.0,95.0
26.0,74.0,24.0,95.0
26.0,74.0,24.0,95.0
26.0,74.0,24.0,95.0
26.0,75.0,24.0,95.0
26.0,75.0,24.0,95.0
27.0,75.0,24.0,95.0
27.0,75.0,24.0,95.0
27.0,75.0,24.0,95.0
27.0,75.0,24.0,95.0
27.0,73.0,24.0,95.0
27.0,75.0,24.0,95.0
27.0,75.0,24.0,95.0
27.0,73.0,24.0,95.0
27.0,75.0,24.0,95.0
27.0,75.0,24.0,95.0
27.0,75.0,24.0,95.0
27.0,75.0,24.0,95.0
27.0,75.0,24.0,95.0
27.0,75.0,24.0,95.0
27.0,75.0,24.0,95.0
27.0,73.0,24.0,95.0
27.0,75.0,12.0,175.0
27.0,75.0,12.0,175.0
27.0,75.0,24.0,95.0
27.0,75.0,24.0,95.0
27.0,75.0,24.0,95.0
27.0,73.0,24.0,95.0
27.0,75.0,24.0,95.0
27.0,75.0,24.0,95.0
27.0,76.0,24.0,95.0
27.0,76.0,24.0,95.0
27.0,75.0,24.0,95.0
27.0,74.0,24.0,95.0
27.0,75.0,24.0,95.0
27.0,76.0,24.0,95.0
27.0,74.0,24.0,95.0
27.0,75.0,24.0,95.0
27.0,74.0,24.0,95.0
27.0,75.0,24.0,95.0
27.0,75.0,24.0,95.0
26.0,74.0,24.0,95.0
26.0,74.0,24.0,95.0
26.0,71.0,24.0,95.0
26.0,71.0,24.0,95.0
26.0,73.0,24.0,95.0
26.0,73.0,24.0,95.0
26.0,73.0,24.0,95.0
13.0,164.0,24.0,95.0
26.0,72.0,24.0,95.0
13.0,163.0,24.0,95.0
26.0,69.0,24.0,95.0
26.0,70.0,24.0,95.0
26.0,71.0,24.0,95.0
26.0,71.0,24.0,95.0
26.0,71.0,24.0,95.0
26.0,72.0,24.0,95.0
26.0,70.0,24.0,95.0
26.0,72.0,24.0,95.0
26.0,73.0,24.0,95.0
26.0,73.0,24.0,95.0
26.0,73.0,24.0,95.0
26.0,74.0,24.0,95.0
26.0,74.0,24.0,95.0
26.0,74.0,24.0,95.0
26.0,75.0,24.0,95.0
13.0,165.0,24.0,95.0
26.0,75.0,24.0,95.0
26.0,75.0,24.0,95.0
26.0,75.0,24.0,95.0
26.0,76.0,24.0,95.0
26.0,76.0,24.0,95.0
27.0,76.0,24.0,95.0
27.0,76.0,24.0,95.0
27.0,76.0,24.0,95.0
27.0,74.0,24.0,95.0
27.0,76.0,24.0,95.0
27.0,76.0,24.0,95.0
27.0,76.0,24.0,95.0
13.0,166.0,24.0,95.0
27.0,76.0,24.0,95.0
27.0,76.0,24.0,95.0
27.0,76.0,24.0,95.0
27.0,76.0,24.0,95.0
27.0,76.0,24.0,95.0
27.0,76.0,24.0,95.0
27.0,76.0,24.0,95.0
27.0,76.0,24.0,95.0
